00000100 11110010 01111111 10000110 11100001 10011001 10110110 01000111
11100010 01000101 10010111 11011000 10100101 11110111 01111001 01111000
00110110 11100100 00110001 00110011 10100110 10110011 00101111 01110010
10111110 00111011 00011111 11100101 10001100 10100110 00000101 01000100
00011010 11100001 00110110 11001110 00111111 11100111 00101111 11010000
00101010 00100000 11001001 11001100 11000101 11011010 01111011 11000101
11011011 00010110 10010000 01000101 00000000 11001000 00100011 01011111
01011001 10011011 11110001 01001111 00110001 00100110 00100001 00111011
00101111 10111001 00011101 10011101 10011101 10000001 11100110 01100010
00000010 00100111 01000000 11001010 00111111 10101101 11111000 00000011
10111001 10101100 00011001 01110010 11101110 00010001 00011111 11110100
11110010 01001110 01101001 00100000 00011010 00011110 10011100 00110101
00011000 00011111 11110111 10000010 10110001 10000101 10111011 00110010
00101101 01100101 11011110 01111000 00110111 10011000 10110011 11000010
00010001 11000110 00010111 00000010 00010011 11001101 10001000 11111110
00011010 11100001 00110110 11001110 00111111 11100111 00101111 11010000
00101010 00100000 11001001 11001100 11000101 11011010 01111011 11000101
11011011 00010110 10010000 01000101 00000000 11001000 00100011 01011111
01011001 10011011 11110001 01001111 00110001 00100110 00100001 00111011
00101111 10111001 00011101 10011101 10011101 10000001 11100110 01100010
10110000 01000011 00100100 01100101 01010110 10011111 10110000 10010101
