01001000 01100101 01101100 01101100 01101111 00100001 00100000 01001001
01110100 00100111 01110011 00100000 01100001 00100000 01110110 01100101
01110010 01111001 00100000 01110011 01100101 01100011 01110010 01100101
01110100 00100000 01110100 01100101 01111000 01110100 00100001 00001010
01001000 01100101 01101100 01101100 01101111 00100001 00100000 01001001
01110100 00100111 01110011 00100000 01100001 00100000 01110110 01100101
01110010 01111001 00100000 01110011 01100101 01100011 01110010 01100101
01110100 00100000 01110100 01100101 01111000 01110100 00100001 00001010
01001000 01100101 01101100 01101100 01101111 00100001 00100000 01001001
01110100 00100111 01110011 00100000 01100001 00100000 01110110 01100101
01110010 01111001 00100000 01110011 01100101 01100011 01110010 01100101
01110100 00100000 01110100 01100101 01111000 01110100 00100001 00001010
