00101111 01111111 01001111 01111001 01110000 01110101 11101010 10011111
11001011 01001101 00110101 11100000 11001000 10001101 10011001 10100110
00110110 10000110 01111110 01001010 10101000 10010111 01101000 00001000
00001010 01110000 01011011 00001001 11111001 11000011 01000000 10111010
00110001 10010101 11111010 10000000 01101100 00101111 11000001 01110000
01010111 11001010 01011011 10111010 10111111 11111001 00100011 11010010
00100011 01001011 01100111 10110111 00011101 01000010 00011011 00000010
00011001 10000101 11101011 01011110 01010101 11101011 00101110 11110110
01011101 01111011 11010111 00000110 01111011 10101011 10100001 00000101
11010000 11011010 00111101 01101111 11001101 01010001 11011011 00011011
01110110 10100101 00001000 11110110 01010111 00110010 00011001 00110000
10000010 00110011 01000101 01110100 11001000 01110011 11110101 10110111
10100111 00011111 10111100 01011001 01101110 00011101 00101110 01011000
01000111 10111111 01001000 00100011 10000101 11100000 11111111 11111100
11011001 01101100 01011110 01100100 10101110 00001101 01001001 11010110
00110001 10010101 11111010 10000000 01101100 00101111 11000001 01110000
01010111 11001010 01011011 10111010 10111111 11111001 00100011 11010010
00100011 01001011 01100111 10110111 00011101 01000010 00011011 00000010
00011001 10000101 11101011 01011110 01010101 11101011 00101110 11110110
01011101 01111011 11010111 00000110 01111011 10101011 10100001 00000101
11110110 11000100 00001011 10100001 10001100 11110101 01001011 01010101
