01001000 01100101 01101100 01101100 01101111 00100001 00100000 01001001
01110100 00100111 01110011 00100000 01100001 00100000 01110110 01100101
01110010 01111001 00100000 01110011 01100101 01100011 01110010 01100101
01110100 00100000 01110100 01100101 01111000 01110100 00100001 00001010
00001010 01001010 01100001 01110110 01100001 00100000 01101001 01110011
00100000 01110100 01101000 01100101 00100000 01100010 01100101 01110011
01110100 00100000 01101100 01100001 01101110 01100111 00100000 01101001
01101110 00100000 01110100 01101000 01100101 00100000 01110111 01101111
01110010 01101100 01100100 00100001 00100000 01010100 01110011 01110011
01110011 00101110 00101110 00101110 00001010 01001010 01100001 01110110
01100001 00100000 01101001 01110011 00100000 01110100 01101000 01100101
00100000 01100010 01100101 01110011 01110100 00100000 01101100 01100001
01101110 01100111 00100000 01101001 01101110 00100000 01110100 01101000
01100101 00100000 01110111 01101111 01110010 01101100 01100100 00100001
00100000 01010100 01110011 01110011 01110011 00101110 00101110 00101110
00001010 01001010 01100001 01110110 01100001 00100000 01101001 01110011
00100000 01110100 01101000 01100101 00100000 01100010 01100101 01110011
01110100 00100000 01101100 01100001 01101110 01100111 00100000 01101001
01101110 00100000 01110100 01101000 01100101 00100000 01110111 01101111
01110010 01101100 01100100 00100001 00100000 01010100 01110011 01110011
01001100 10010001 11001110 00100001 00001001 01001100 00110101 11001100
