01111010 10110111 11111111 01111011 00010000 00100010 10110010 11001000
11111011 11110111 10111101 00011011 10110101 10110001 01101011 11111110
00110000 11010111 10100001 10011011 01100111 00001100 11101111 00001111
10001011 00001110 00000000 10111101 00000001 01100000 00100101 10011010
11010010 11101000 01000100 00010101 00001100 11101011 00011001 01001111
11001110 11000000 00010110 10110101 10111001 11011000 10001111 00010101
11101000 11110010 00101110 00110011 00011010 10110101 00000101 00001111
01100111 01001011 11100000 00110101 10001000 10110100 11011111 01101111
11011011 10110011 01001001 00100111 00000111 11000100 00011101 11110101
11111010 01110001 00111101 01100011 00100110 00011011 10010000 10000000
10111011 00110110 00010001 10101011 00011000 00000101 10101110 11110010
00011001 01011101 01000010 11110010 10011100 00111111 01101000 01110111
11111110 11001111 10000000 01010011 00110101 10101110 10011011 10000000
11100101 10011100 00100111 10100101 10101010 01000110 01010010 10100011
10111001 11110011 11111000 10000100 00001000 01101100 01000100 01111100
11010010 11101000 01000100 00010101 00001100 11101011 00011001 01001111
11001110 11000000 00010110 10110101 10111001 11011000 10001111 00010101
11101000 11110010 00101110 00110011 00011010 10110101 00000101 00001111
01100111 01001011 11100000 00110101 10001000 10110100 11011111 01101111
11011011 10110011 01001001 00100111 00000111 11000100 00011101 11110101
10111101 11111011 00000100 01001001 01001001 10000110 01101100 11011110
