10011110 01001011 00111111 01000110 00000010 11000011 10101111 01010111
10101011 11000011 11001100 01110110 00101011 00000010 11101010 00010110
11011101 10110010 10000000 00001110 11011100 11111100 10000111 11000001
00110101 01010011 00011101 01100000 01010101 00001010 11101000 10111011
11101011 00000101 00010100 11001111 10111101 00111110 00010100 00110110
10110011 00011100 10110010 10101110 10111001 11011100 11110101 10011110
01110110 01101111 10110000 10110001 00000011 11111101 00111011 11010000
01001001 11110111 01100001 11111011 11100100 01001100 11011001 11000010
01111010 00111101 01010001 00010010 01011010 00000101 00010101 10111000
00011011 01011010 01000011 01111011 10010100 10011110 00001010 10001111
10101010 11101110 11100110 10011001 10011001 10000111 01011101 11000110
11011000 00101000 10101010 10101001 01000011 00110010 10100011 01001001
00100010 01010000 00110101 10010001 10000010 10010001 10011010 11111101
11111100 11010001 00100100 00111111 01000110 10011011 01100111 10101001
11111011 10110000 11010101 11011001 10101101 01001111 10011100 11100111
11101011 00000101 00010100 11001111 10111101 00111110 00010100 00110110
10110011 00011100 10110010 10101110 10111001 11011100 11110101 10011110
01110110 01101111 10110000 10110001 00000011 11111101 00111011 11010000
01001001 11110111 01100001 11111011 11100100 01001100 11011001 11000010
01111010 00111101 01010001 00010010 01011010 00000101 00010101 10111000
11101010 01011101 01110111 01001101 00101100 00111010 01101110 00110100
