00000100 11110010 01111111 10000110 11100001 10011001 10110110 01000111
11100010 01000101 10010111 11011000 10100101 11110111 01111001 01111000
00110110 11100100 00110001 00110011 10100110 10110011 00101111 01110010
10111110 00111011 00011111 11100101 10001100 10100110 00000101 01000100
00000100 11110010 01111111 10000110 11100001 10011001 10110110 01000111
11100010 01000101 10010111 11011000 10100101 11110111 01111001 01111000
00110110 11100100 00110001 00110011 10100110 10110011 00101111 01110010
10111110 00111011 00011111 11100101 10001100 10100110 00000101 01000100
00000100 11110010 01111111 10000110 11100001 10011001 10110110 01000111
11100010 01000101 10010111 11011000 10100101 11110111 01111001 01111000
00110110 11100100 00110001 00110011 10100110 10110011 00101111 01110010
10111110 00111011 00011111 11100101 10001100 10100110 00000101 01000100
